3.866185 -0.996761 -1.366355 0.0 0.0
5.602664 -1.001248 -0.374075 0.0 0.0
4.610379 -1.003233 1.362405 0.0 0.0

4.616199 2.996755 1.370305 0.0 0.0
2.879720 3.001242 0.378025 0.0 0.0
2.876810 1.001248 0.374075 0.0 0.0

3.866185 -0.996761 -1.366355 0.0 0.0
3.869096 1.003233 -1.362406 0.0 0.0
5.602664 -1.001248 -0.374075 0.0 0.0

5.602664 -1.001248 -0.374075 0.0 0.0
5.605575 0.998746 -0.370125 0.0 0.0
4.610379 -1.003233 1.362405 0.0 0.0

4.610379 -1.003233 1.362405 0.0 0.0
4.613289 0.996761 1.366355 0.0 0.0
2.876810 1.001248 0.374075 0.0 0.0

3.869096 1.003233 -1.362406 0.0 0.0
3.866185 -0.996761 -1.366355 0.0 0.0
2.873899 -0.998746 0.370125 0.0 0.0

4.616199 2.996755 1.370305 0.0 0.0
4.619110 4.996749 1.374254 0.0 0.0
3.626825 4.994764 3.110735 0.0 0.0

3.872006 3.003227 -1.358456 0.0 0.0
5.608486 2.998740 -0.366176 0.0 0.0
5.605575 0.998746 -0.370125 0.0 0.0

3.869096 1.003233 -1.362406 0.0 0.0
2.876810 1.001248 0.374075 0.0 0.0
2.879720 3.001242 0.378025 0.0 0.0

5.608486 2.998740 -0.366176 0.0 0.0
4.616199 2.996755 1.370305 0.0 0.0
4.613289 0.996761 1.366355 0.0 0.0

4.622021 6.996743 1.378204 0.0 0.0
2.885542 7.001230 0.385924 0.0 0.0
2.882631 5.001236 0.381974 0.0 0.0

3.872006 3.003227 -1.358456 0.0 0.0
3.874917 5.003221 -1.354506 0.0 0.0
4.867203 5.005206 -3.090987 0.0 0.0

3.872006 3.003227 -1.358456 0.0 0.0
2.879720 3.001242 0.378025 0.0 0.0
2.882631 5.001236 0.381974 0.0 0.0

5.611396 4.998734 -0.362226 0.0 0.0
4.619110 4.996749 1.374254 0.0 0.0
4.616199 2.996755 1.370305 0.0 0.0

3.877828 7.003215 -1.350557 0.0 0.0
2.885542 7.001230 0.385924 0.0 0.0
5.614307 6.998728 -0.358276 0.0 0.0

3.874917 5.003221 -1.354506 0.0 0.0
2.882631 5.001236 0.381974 0.0 0.0
2.885542 7.001230 0.385924 0.0 0.0

5.614307 6.998728 -0.358276 0.0 0.0
4.622021 6.996743 1.378204 0.0 0.0
4.619110 4.996749 1.374254 0.0 0.0

3.877828 7.003215 -1.350557 0.0 0.0
5.614307 6.998728 -0.358276 0.0 0.0
5.611396 4.998734 -0.362226 0.0 0.0

4.867203 5.005206 -3.090987 0.0 0.0
6.603683 5.000720 -2.098706 0.0 0.0
6.600772 3.000725 -2.102656 0.0 0.0

5.611396 4.998734 -0.362226 0.0 0.0
5.608486 2.998740 -0.366176 0.0 0.0
6.600772 3.000725 -2.102656 0.0 0.0

4.864293 3.005212 -3.094936 0.0 0.0
6.600772 3.000725 -2.102656 0.0 0.0
3.872006 3.003227 -1.358456 0.0 0.0

3.874917 5.003221 -1.354506 0.0 0.0
5.611396 4.998734 -0.362226 0.0 0.0
6.603683 5.000720 -2.098706 0.0 0.0

3.626825 4.994764 3.110735 0.0 0.0
1.890345 4.999251 2.118455 0.0 0.0
1.887435 2.999257 2.114506 0.0 0.0

4.619110 4.996749 1.374254 0.0 0.0
2.882631 5.001236 0.381974 0.0 0.0
1.890345 4.999251 2.118455 0.0 0.0

2.882631 5.001236 0.381974 0.0 0.0
2.879720 3.001242 0.378025 0.0 0.0
1.887435 2.999257 2.114506 0.0 0.0

3.623914 2.994770 3.106785 0.0 0.0
1.887435 2.999257 2.114506 0.0 0.0
4.616199 2.996755 1.370305 0.0 0.0

2.873899 -0.998746 0.370125 0.0 0.0
3.866185 -0.996761 -1.366355 0.0 0.0
4.610379 -1.003233 1.362405 0.0 0.0

4.613289 0.996761 1.366355 0.0 0.0
4.616199 2.996755 1.370305 0.0 0.0
2.876810 1.001248 0.374075 0.0 0.0

3.869096 1.003233 -1.362406 0.0 0.0
5.605575 0.998746 -0.370125 0.0 0.0
5.602664 -1.001248 -0.374075 0.0 0.0

5.605575 0.998746 -0.370125 0.0 0.0
4.613289 0.996761 1.366355 0.0 0.0
4.610379 -1.003233 1.362405 0.0 0.0

2.873899 -0.998746 0.370125 0.0 0.0
4.610379 -1.003233 1.362405 0.0 0.0
2.876810 1.001248 0.374075 0.0 0.0

2.876810 1.001248 0.374075 0.0 0.0
3.869096 1.003233 -1.362406 0.0 0.0
2.873899 -0.998746 0.370125 0.0 0.0

3.623914 2.994770 3.106785 0.0 0.0
4.616199 2.996755 1.370305 0.0 0.0
3.626825 4.994764 3.110735 0.0 0.0

3.869096 1.003233 -1.362406 0.0 0.0
3.872006 3.003227 -1.358456 0.0 0.0
5.605575 0.998746 -0.370125 0.0 0.0

3.872006 3.003227 -1.358456 0.0 0.0
3.869096 1.003233 -1.362406 0.0 0.0
2.879720 3.001242 0.378025 0.0 0.0

5.605575 0.998746 -0.370125 0.0 0.0
5.608486 2.998740 -0.366176 0.0 0.0
4.613289 0.996761 1.366355 0.0 0.0

4.619110 4.996749 1.374254 0.0 0.0
4.622021 6.996743 1.378204 0.0 0.0
2.882631 5.001236 0.381974 0.0 0.0

4.864293 3.005212 -3.094936 0.0 0.0
3.872006 3.003227 -1.358456 0.0 0.0
4.867203 5.005206 -3.090987 0.0 0.0

3.874917 5.003221 -1.354506 0.0 0.0
3.872006 3.003227 -1.358456 0.0 0.0
2.882631 5.001236 0.381974 0.0 0.0

5.608486 2.998740 -0.366176 0.0 0.0
5.611396 4.998734 -0.362226 0.0 0.0
4.616199 2.996755 1.370305 0.0 0.0

2.885542 7.001230 0.385924 0.0 0.0
4.622021 6.996743 1.378204 0.0 0.0
5.614307 6.998728 -0.358276 0.0 0.0

3.877828 7.003215 -1.350557 0.0 0.0
3.874917 5.003221 -1.354506 0.0 0.0
2.885542 7.001230 0.385924 0.0 0.0

5.611396 4.998734 -0.362226 0.0 0.0
5.614307 6.998728 -0.358276 0.0 0.0
4.619110 4.996749 1.374254 0.0 0.0

3.874917 5.003221 -1.354506 0.0 0.0
3.877828 7.003215 -1.350557 0.0 0.0
5.611396 4.998734 -0.362226 0.0 0.0

4.864293 3.005212 -3.094936 0.0 0.0
4.867203 5.005206 -3.090987 0.0 0.0
6.600772 3.000725 -2.102656 0.0 0.0

6.603683 5.000720 -2.098706 0.0 0.0
5.611396 4.998734 -0.362226 0.0 0.0
6.600772 3.000725 -2.102656 0.0 0.0

6.600772 3.000725 -2.102656 0.0 0.0
5.608486 2.998740 -0.366176 0.0 0.0
3.872006 3.003227 -1.358456 0.0 0.0

4.867203 5.005206 -3.090987 0.0 0.0
3.874917 5.003221 -1.354506 0.0 0.0
6.603683 5.000720 -2.098706 0.0 0.0

3.623914 2.994770 3.106785 0.0 0.0
3.626825 4.994764 3.110735 0.0 0.0
1.887435 2.999257 2.114506 0.0 0.0

3.626825 4.994764 3.110735 0.0 0.0
4.619110 4.996749 1.374254 0.0 0.0
1.890345 4.999251 2.118455 0.0 0.0

1.890345 4.999251 2.118455 0.0 0.0
2.882631 5.001236 0.381974 0.0 0.0
1.887435 2.999257 2.114506 0.0 0.0

1.887435 2.999257 2.114506 0.0 0.0
2.879720 3.001242 0.378025 0.0 0.0
4.616199 2.996755 1.370305 0.0 0.0

