-0.807031 -0.499948 0.402249 0.0 0.0
-0.109767 -0.017636 -0.017636 0.0 0.0
-0.499948 -0.017636 -0.017636 0.0 0.0
-0.017636 -0.826246 -0.381816 0.0 0.0
0.077826 -0.021336 -0.750126 0.0 0.0
-0.017636 -0.750126 -0.657716 0.0 0.0
-0.826246 -0.304858 0.526612 0.0 0.0
0.077826 -0.017636 -0.017636 0.0 0.0
-0.750126 -0.687541 0.250712 0.0 0.0
-0.304858 -0.017636 0.526612 0.0 0.0
-0.017636 -0.807031 -0.017636 0.0 0.0
-0.687541 -0.017636 -0.017636 0.0 0.0
-0.017636 -0.807031 -0.017636 0.0 0.0
-0.807031 -0.109767 -0.208930 0.0 0.0
-0.208929 -1.228737 -0.499948 0.0 0.0
-1.011965 -0.017636 -0.109767 0.0 0.0
-1.228737 -0.017636 -0.017636 0.0 0.0
-0.017636 -0.381816 -0.826246 0.0 0.0
-0.657716 -0.860428 -0.750126 0.0 0.0
-0.017636 -0.021336 -0.750126 0.0 0.0
-0.381816 -1.136327 -0.304858 0.0 0.0
-0.860428 -0.017636 0.077826 0.0 0.0
-0.021336 -1.285643 -0.687541 0.0 0.0
-1.136327 -0.017636 -0.304858 0.0 0.0
-0.017636 -0.533353 -0.017636 0.0 0.0
-1.285643 -0.017636 -0.017636 0.0 0.0
-0.017636 -0.208929 -0.807031 0.0 0.0
-0.533353 -1.011965 -0.807031 0.0 0.0
0.250712 -0.179848 -0.017636 0.0 0.0
-0.126023 -0.519766 -0.017636 0.0 0.0
-0.201576 0.619022 -0.533353 0.0 0.0
-0.519766 0.402249 -1.228737 0.0 0.0
0.619022 -0.092294 -1.011965 0.0 0.0
0.402249 -0.155586 -0.017636 0.0 0.0
-0.092294 -0.371141 -0.381816 0.0 0.0
-0.017588 0.675928 -0.657716 0.0 0.0
-0.155586 -0.641739 -0.021336 0.0 0.0
-0.371141 0.526612 -1.136327 0.0 0.0
0.675928 -0.055696 -0.860428 0.0 0.0
-0.641739 0.250712 -1.285643 0.0 0.0
0.526612 -0.126023 -1.136327 0.0 0.0
-0.055696 -0.201576 -0.017636 0.0 0.0
0.077826 -0.197876 0.675928 0.0 0.0
-0.732374 -0.687541 0.250712 0.0 0.0
-0.304858 -0.212726 0.526612 0.0 0.0
-0.197876 -0.788186 -0.055696 0.0 0.0
-0.687541 -0.197876 -0.179848 0.0 0.0
-0.212726 -0.788186 -0.126023 0.0 0.0
-0.788186 -0.109767 -0.201576 0.0 0.0
-0.788186 -0.499948 0.402249 0.0 0.0
-0.109767 -0.208978 0.619022 0.0 0.0
-0.499948 -0.208978 -0.155586 0.0 0.0
-0.208978 -0.807031 -0.371141 0.0 0.0
-0.732374 0.077826 -0.017588 0.0 0.0
-0.208978 -0.732374 -0.641739 0.0 0.0
-0.807031 -0.304858 0.526612 0.0 0.0
-0.155586 -0.371141 -0.807031 0.0 0.0
-0.641739 -0.860428 0.077826 0.0 0.0
-0.092294 -0.017588 -0.732374 0.0 0.0
-0.371141 -1.136327 -0.807031 0.0 0.0
-0.860428 -0.179848 0.077826 0.0 0.0
-0.017588 -1.285643 -0.732374 0.0 0.0
-1.136327 -0.126022 -0.304858 0.0 0.0
-0.179848 -0.519766 -0.197876 0.0 0.0
-1.285643 -0.055696 -0.197876 0.0 0.0
-0.126022 -0.201576 -0.212726 0.0 0.0
-0.519766 -1.011965 -0.109767 0.0 0.0
-0.201576 -1.228737 -0.499948 0.0 0.0
-1.011965 -0.155586 -0.109767 0.0 0.0
-1.228737 -0.092294 -0.499948 0.0 0.0
-0.479528 0.402249 -1.228737 0.0 0.0
0.619022 -0.164083 -1.011965 0.0 0.0
0.402249 -0.288234 -1.228737 0.0 0.0
-0.164083 -0.339526 -0.371141 0.0 0.0
-0.006486 0.675928 -0.860428 0.0 0.0
-0.288234 -0.594424 -0.017588 0.0 0.0
-0.339526 0.526612 -0.371141 0.0 0.0
0.675928 -0.092294 -0.179848 0.0 0.0
-0.594424 0.250712 -0.017588 0.0 0.0
0.526612 -0.230244 -1.136327 0.0 0.0
-0.092294 -0.179799 -0.179848 0.0 0.0
0.250712 -0.335826 -0.055696 0.0 0.0
-0.230244 -0.479528 -0.126022 0.0 0.0
-0.179799 0.619022 -1.011965 0.0 0.0
-0.687541 -0.371190 -0.335826 0.0 0.0
-0.400320 -0.732374 -0.230244 0.0 0.0
-0.732373 -0.109767 0.619022 0.0 0.0
-0.732374 -0.499948 0.402249 0.0 0.0
-0.109767 -0.392966 0.619022 0.0 0.0
-0.499948 -0.392966 0.402249 0.0 0.0
-0.392966 -0.750126 -0.339526 0.0 0.0
-0.679799 0.077826 -0.006486 0.0 0.0
-0.392966 -0.679799 -0.594424 0.0 0.0
-0.750126 -0.304858 -0.339526 0.0 0.0
0.077826 -0.371190 -0.092294 0.0 0.0
-0.679799 -0.687541 -0.594424 0.0 0.0
-0.304858 -0.400320 0.526612 0.0 0.0
-0.371190 -0.732373 -0.092294 0.0 0.0
-0.006486 -1.285643 -0.679799 0.0 0.0
-1.136327 -0.230244 -0.304858 0.0 0.0
-0.335826 -0.479528 -0.371190 0.0 0.0
-1.285643 -0.092294 -0.371190 0.0 0.0
-0.230244 -0.179799 -0.400320 0.0 0.0
-0.479528 -1.011965 -0.109767 0.0 0.0
-0.179799 -1.228737 -0.499948 0.0 0.0
-1.011965 -0.288234 -0.109767 0.0 0.0
-1.228737 -0.164083 -0.499948 0.0 0.0
-0.288234 -0.339526 -0.750126 0.0 0.0
-0.594424 -0.860428 -0.679799 0.0 0.0
-0.164083 -0.006486 -0.679799 0.0 0.0
-0.339526 -1.136327 -0.750126 0.0 0.0
-0.860428 -0.335826 0.077826 0.0 0.0
0.011542 0.675928 -0.594424 0.0 0.0
-0.410484 -0.517588 -0.006486 0.0 0.0
-0.288186 0.526612 -0.339526 0.0 0.0
0.675928 -0.126023 -0.860428 0.0 0.0
-0.517588 0.250712 -0.006486 0.0 0.0
0.526612 -0.326295 -1.136327 0.0 0.0
-0.126023 -0.144436 -0.335826 0.0 0.0
0.250712 -0.479576 -0.092294 0.0 0.0
-0.326295 -0.414184 -0.230244 0.0 0.0
-0.144436 0.619022 -1.011965 0.0 0.0
-0.414184 0.402249 -1.228737 0.0 0.0
0.619022 -0.230244 -1.011965 0.0 0.0
0.402249 -0.410484 -1.228737 0.0 0.0
-0.230244 -0.288186 -0.339526 0.0 0.0
-0.109767 -0.562531 0.619022 0.0 0.0
-0.499948 -0.562531 -0.410484 0.0 0.0
-0.562531 -0.657716 -0.288186 0.0 0.0
-0.594424 0.077826 0.675928 0.0 0.0
-0.562531 -0.594424 -0.517588 0.0 0.0
-0.657716 -0.304858 -0.288186 0.0 0.0
0.077826 -0.530916 0.675928 0.0 0.0
-0.594424 -0.687541 -0.517588 0.0 0.0
-0.304858 -0.573206 0.526612 0.0 0.0
-0.530916 -0.641739 -0.126023 0.0 0.0
-0.687541 -0.530916 -0.479576 0.0 0.0
-0.573206 -0.641739 -0.326295 0.0 0.0
-0.641739 -0.109767 -0.144436 0.0 0.0
-0.641739 -0.499948 0.402249 0.0 0.0
-0.326294 -0.144436 -0.573206 0.0 0.0
-0.414184 -1.011965 -0.109767 0.0 0.0
-0.144436 -1.228737 -0.499948 0.0 0.0
-1.011965 -0.410484 -0.109767 0.0 0.0
-1.228737 -0.230244 -0.499948 0.0 0.0
-0.410484 -0.288186 -0.657716 0.0 0.0
-0.517588 -0.860428 0.077826 0.0 0.0
-0.230244 0.011542 -0.594424 0.0 0.0
-0.288186 -1.136327 -0.657716 0.0 0.0
-0.860428 -0.479576 0.077826 0.0 0.0
0.011542 -1.285643 -0.594424 0.0 0.0
-1.136327 -0.326294 -0.304858 0.0 0.0
-0.479576 -0.414184 -0.530916 0.0 0.0
-1.285643 -0.126022 -0.530916 0.0 0.0
-0.414184 0.250712 0.011542 0.0 0.0
0.526612 -0.410484 -1.136327 0.0 0.0
-0.155586 -0.096844 -0.479576 0.0 0.0
0.250712 -0.605574 -0.126022 0.0 0.0
-0.410484 -0.326246 -0.326294 0.0 0.0
-0.096844 0.619022 -0.414184 0.0 0.0
-0.326246 0.402249 -1.228737 0.0 0.0
0.619022 -0.288234 -1.011965 0.0 0.0
0.402249 -0.517636 -0.230244 0.0 0.0
-0.288234 -0.219093 -0.288186 0.0 0.0
0.035804 0.675928 -0.860428 0.0 0.0
-0.517636 -0.414184 0.011542 0.0 0.0
-0.219093 0.526612 -0.288186 0.0 0.0
0.675928 -0.155586 -0.860428 0.0 0.0
-0.479527 0.077826 0.675928 0.0 0.0
-0.711156 -0.479528 -0.414184 0.0 0.0
-0.533353 -0.304858 -0.219093 0.0 0.0
0.077826 -0.670918 -0.155586 0.0 0.0
-0.479528 -0.687541 -0.414184 0.0 0.0
-0.304858 -0.724743 0.526612 0.0 0.0
-0.670918 -0.519766 -0.155586 0.0 0.0
-0.687541 -0.670918 -0.605574 0.0 0.0
-0.724743 -0.519766 -0.410484 0.0 0.0
-0.519766 -0.109767 -0.096844 0.0 0.0
-0.519766 -0.499948 0.402249 0.0 0.0
-0.109767 -0.711156 0.619022 0.0 0.0
-0.499948 -0.711156 -0.517636 0.0 0.0
-0.711156 -0.533353 -0.219093 0.0 0.0
-1.011965 -0.517636 -0.109767 0.0 0.0
-1.228737 -0.288234 -0.711156 0.0 0.0
-0.517636 -0.219093 -0.533353 0.0 0.0
-0.414184 -0.860428 -0.479527 0.0 0.0
-0.288234 0.035804 -0.479528 0.0 0.0
-0.219093 -1.136327 -0.533353 0.0 0.0
-0.860428 -0.605574 0.077826 0.0 0.0
0.035804 -1.285643 -0.687541 0.0 0.0
-1.136327 -0.410484 -0.724743 0.0 0.0
-0.605574 -0.326246 -0.670918 0.0 0.0
-1.285643 -0.155586 -0.670918 0.0 0.0
-0.410484 -0.096844 -0.724743 0.0 0.0
-0.326246 -1.011965 -0.519766 0.0 0.0
-0.096844 -1.228737 -0.499948 0.0 0.0
-0.479576 -0.219093 -0.410484 0.0 0.0
-0.038853 0.619022 -1.011965 0.0 0.0
-0.219093 0.402249 -1.228737 0.0 0.0
0.619022 -0.335826 -1.011965 0.0 0.0
0.402249 -0.605574 -0.288234 0.0 0.0
-0.335826 -0.134904 -0.219093 0.0 0.0
0.065368 0.675928 -0.860428 0.0 0.0
-0.605574 -0.288186 0.035804 0.0 0.0
-0.134904 0.526612 -0.219093 0.0 0.0
0.675928 -0.179848 -0.860428 0.0 0.0
-0.288186 0.250712 -1.285643 0.0 0.0
0.526612 -0.479576 -0.410484 0.0 0.0
-0.179848 -0.038853 -0.605574 0.0 0.0
0.250712 -0.708978 -0.155586 0.0 0.0
-0.339526 -0.687541 0.250712 0.0 0.0
-0.304858 -0.849106 0.526612 0.0 0.0
-0.785814 -0.371141 -0.179848 0.0 0.0
-0.687541 -0.785814 -0.708978 0.0 0.0
-0.849106 -0.371141 -0.479576 0.0 0.0
-0.371141 -0.109767 0.619022 0.0 0.0
-0.371141 -0.499948 0.402249 0.0 0.0
-0.109767 -0.833129 0.619022 0.0 0.0
-0.499948 -0.833129 0.402249 0.0 0.0
-0.833129 -0.381816 -0.134904 0.0 0.0
-0.339526 0.077826 0.065368 0.0 0.0
-0.833129 -0.339526 -0.288186 0.0 0.0
-0.381816 -0.304858 -0.134904 0.0 0.0
0.077826 -0.785814 0.675928 0.0 0.0
-0.335826 0.065368 -0.339526 0.0 0.0
-0.134904 -1.136327 -0.381816 0.0 0.0
-0.860428 -0.708978 0.077826 0.0 0.0
0.065368 -1.285643 -0.687541 0.0 0.0
-1.136327 -0.479576 -0.849106 0.0 0.0
-0.708978 -0.219093 -0.785814 0.0 0.0
-1.285643 -0.179848 -0.785814 0.0 0.0
-0.479576 -0.038853 -0.849106 0.0 0.0
-0.219093 -1.011965 -0.109767 0.0 0.0
-0.038853 -1.228737 -0.499948 0.0 0.0
-1.011965 -0.605574 -0.109767 0.0 0.0
-1.228737 -0.335826 -0.499948 0.0 0.0
-0.605574 -0.134904 -0.381816 0.0 0.0
-0.288186 -0.860428 -0.339526 0.0 0.0
0.402249 -0.670918 -0.335826 0.0 0.0
-0.371190 -0.038853 -0.134904 0.0 0.0
0.099096 0.675928 -0.860428 0.0 0.0
-0.670918 -0.144435 0.065368 0.0 0.0
-0.038853 0.526612 -0.134904 0.0 0.0
0.675928 -0.197876 -0.860428 0.0 0.0
-0.144435 0.250712 -1.285643 0.0 0.0
0.526612 -0.530916 -0.479576 0.0 0.0
-0.197876 0.027308 -0.708978 0.0 0.0
0.250712 -0.785814 -0.179848 0.0 0.0
-0.530916 -0.096844 -0.479576 0.0 0.0
0.027308 0.619022 -0.219093 0.0 0.0
-0.096844 0.402249 -1.228737 0.0 0.0
0.619022 -0.371190 -1.011965 0.0 0.0
-0.201576 -0.109767 0.027308 0.0 0.0
-0.201576 -0.499948 0.402249 0.0 0.0
-0.109767 -0.923764 0.619022 0.0 0.0
-0.499948 -0.923764 -0.670918 0.0 0.0
-0.923764 -0.208929 -0.038853 0.0 0.0
-0.179799 0.077826 0.099096 0.0 0.0
-0.923764 -0.179799 -0.144435 0.0 0.0
-0.208929 -0.304858 0.526612 0.0 0.0
0.077826 -0.871190 -0.197876 0.0 0.0
-0.179799 -0.687541 -0.144435 0.0 0.0
-0.304858 -0.941516 -0.530916 0.0 0.0
-0.871190 -0.201576 -0.197876 0.0 0.0
-0.687541 -0.871190 0.250712 0.0 0.0
-0.941516 -0.201576 -0.530916 0.0 0.0
-1.136327 -0.530916 -0.941516 0.0 0.0
-0.785814 -0.096844 -0.871190 0.0 0.0
-1.285643 -0.197876 -0.871190 0.0 0.0
-0.530916 0.027308 -0.941516 0.0 0.0
-0.096844 -1.011965 -0.109767 0.0 0.0
0.027308 -1.228737 -0.499948 0.0 0.0
-1.011965 -0.670918 -0.109767 0.0 0.0
-1.228737 -0.371189 -0.499948 0.0 0.0
-0.670918 -0.038853 -0.208929 0.0 0.0
-0.144435 -0.860428 0.077826 0.0 0.0
-0.371189 0.099096 -0.179799 0.0 0.0
-0.038853 -1.136327 -0.304858 0.0 0.0
-0.860428 -0.785814 -0.871190 0.0 0.0
0.099096 -1.285643 -0.179799 0.0 0.0
-0.711156 0.011543 0.099096 0.0 0.0
0.065368 0.526612 -1.136327 0.0 0.0
0.675928 -0.208978 -0.785814 0.0 0.0
0.011543 0.250712 0.099096 0.0 0.0
0.526612 -0.562531 -0.530916 0.0 0.0
-0.208978 0.099096 -0.785814 0.0 0.0
0.250712 -0.833129 -0.197876 0.0 0.0
-0.562531 0.035804 -0.530916 0.0 0.0
0.099096 0.619022 -1.011965 0.0 0.0
0.035804 0.402249 -1.228737 0.0 0.0
0.619022 -0.392967 -0.670918 0.0 0.0
0.402249 -0.711156 -1.228737 0.0 0.0
-0.392967 0.065368 -0.670918 0.0 0.0
0.135694 0.675928 -0.860428 0.0 0.0
-0.979576 -0.006486 -0.711156 0.0 0.0
-0.021336 -0.304858 -0.392967 0.0 0.0
0.077826 -0.923764 0.675928 0.0 0.0
-0.006486 -0.687541 0.011543 0.0 0.0
-0.304858 -0.998422 0.526612 0.0 0.0
-0.923764 -0.017587 0.675928 0.0 0.0
-0.687541 -0.923764 0.250712 0.0 0.0
-0.998422 -0.017588 -0.562531 0.0 0.0
-0.017587 -0.109767 -0.208978 0.0 0.0
-0.923764 0.011543 -0.833129 0.0 0.0
-0.017588 -0.499948 -0.562531 0.0 0.0
-0.109767 -0.979576 0.099096 0.0 0.0
-0.499948 -0.979576 0.402249 0.0 0.0
-0.979576 -0.021336 0.619022 0.0 0.0
-1.011965 -0.711156 -0.979576 0.0 0.0
-1.228737 -0.392966 -0.979576 0.0 0.0
-0.711156 0.065368 -0.979576 0.0 0.0
-0.392966 0.135694 -0.979576 0.0 0.0
0.065368 -1.136327 -0.021336 0.0 0.0
-0.860428 -0.833129 -0.923764 0.0 0.0
0.135694 -1.285643 -0.687541 0.0 0.0
-1.136327 -0.562531 -0.998422 0.0 0.0
-0.833129 0.035804 -0.923764 0.0 0.0
-1.285643 -0.208978 -0.687541 0.0 0.0
-0.562531 0.099096 -0.017588 0.0 0.0
0.035804 -1.011965 -0.017587 0.0 0.0
-0.208978 0.173754 0.011543 0.0 0.0
0.099096 -1.228737 -0.017588 0.0 0.0
-0.573206 0.173754 0.099096 0.0 0.0
0.173754 0.619022 0.035804 0.0 0.0
-0.849106 0.173754 0.173754 0.0 0.0
0.173754 0.402249 0.099096 0.0 0.0
0.619022 -0.400320 -1.011965 0.0 0.0
0.402249 -0.724743 -0.392966 0.0 0.0
-0.400320 0.173754 -0.711156 0.0 0.0
-0.724743 0.173754 0.135694 0.0 0.0
0.173754 0.526612 0.065368 0.0 0.0
0.675928 -0.212727 -0.833129 0.0 0.0
0.173754 0.250712 -1.285643 0.0 0.0
0.526612 -0.573206 -0.562531 0.0 0.0
-0.212727 0.173754 -0.833129 0.0 0.0
0.250712 -0.849106 -1.285643 0.0 0.0
0.173754 -0.687541 0.250712 0.0 0.0
-0.304858 -1.017636 -0.573206 0.0 0.0
-0.941516 0.173754 -0.212727 0.0 0.0
-0.687541 -0.941516 -0.849106 0.0 0.0
-1.017636 0.173754 0.173754 0.0 0.0
0.173754 -0.109767 0.173754 0.0 0.0
-0.941516 0.173754 0.173754 0.0 0.0
0.173754 -0.499948 0.173754 0.0 0.0
-0.109767 -0.998421 -0.400320 0.0 0.0
-0.499948 -0.998421 -0.724743 0.0 0.0
-0.998421 0.173754 -0.400320 0.0 0.0
-0.998421 0.173754 -0.724743 0.0 0.0
0.173754 -0.304858 0.173754 0.0 0.0
0.077826 -0.941516 -0.212727 0.0 0.0
-0.400320 0.173754 0.173754 0.0 0.0
0.173754 -1.136327 0.173754 0.0 0.0
-0.860428 -0.849106 -0.941516 0.0 0.0
0.173754 -1.285643 -0.687541 0.0 0.0
-1.136327 -0.573206 -1.017636 0.0 0.0
-0.849106 0.173754 -0.941516 0.0 0.0
-1.285643 -0.212726 -0.941516 0.0 0.0
-0.573206 0.173754 0.173754 0.0 0.0
0.173754 -1.011965 0.173754 0.0 0.0
-0.212726 0.211814 0.173754 0.0 0.0
0.173754 -1.228737 0.173754 0.0 0.0
-1.011965 -0.724743 -0.109767 0.0 0.0
-1.228737 -0.400320 -0.998421 0.0 0.0
-0.724743 0.173754 -0.998421 0.0 0.0
0.402249 -0.711156 -0.400320 0.0 0.0
-0.392967 0.282141 0.173754 0.0 0.0
-0.711156 0.335966 0.173754 0.0 0.0
0.282141 0.526612 0.173754 0.0 0.0
0.675928 -0.208978 -0.849106 0.0 0.0
0.335966 0.250712 -1.285643 0.0 0.0
0.526612 -0.562531 -0.573206 0.0 0.0
-0.208978 0.248412 -0.849106 0.0 0.0
0.250712 -0.833129 -1.285643 0.0 0.0
-0.562531 0.311704 0.173754 0.0 0.0
0.248412 0.619022 0.173754 0.0 0.0
-0.833129 0.353994 0.211814 0.0 0.0
0.311704 0.402249 0.173754 0.0 0.0
0.619022 -0.392967 -1.011965 0.0 0.0
0.365096 -0.109767 0.248412 0.0 0.0
-0.923764 0.335966 0.353994 0.0 0.0
0.365096 -0.499948 0.311704 0.0 0.0
-0.109767 -0.979576 0.619022 0.0 0.0
-0.499948 -0.979576 -0.711156 0.0 0.0
-0.979576 0.368845 0.282141 0.0 0.0
-0.979576 0.353994 0.335966 0.0 0.0
0.368845 -0.304858 0.282141 0.0 0.0
0.077826 -0.923764 -0.208978 0.0 0.0
0.353994 -0.687541 0.250712 0.0 0.0
-0.304858 -0.998421 -0.562531 0.0 0.0
-0.923764 0.365096 -0.208978 0.0 0.0
-0.687541 -0.923764 0.250712 0.0 0.0
-0.998421 0.365096 0.311704 0.0 0.0
-1.136327 -0.562531 -0.998421 0.0 0.0
-0.833129 0.311704 0.365096 0.0 0.0
-1.285643 -0.208978 -0.687541 0.0 0.0
-0.562531 0.248412 0.365096 0.0 0.0
0.311704 -1.011965 0.365096 0.0 0.0
-0.208978 0.248412 0.335966 0.0 0.0
0.248412 -1.228737 0.365096 0.0 0.0
-1.011965 -0.711156 -0.109767 0.0 0.0
-1.228737 -0.392966 -0.979576 0.0 0.0
-0.711156 0.282141 0.368845 0.0 0.0
-0.392966 0.211814 0.353994 0.0 0.0
0.282141 -1.136327 0.368845 0.0 0.0
-0.860428 -0.833129 -0.923764 0.0 0.0
0.211814 -1.285643 -0.687541 0.0 0.0
0.491944 0.250712 0.211814 0.0 0.0
0.526612 -0.530916 0.282141 0.0 0.0
-0.197876 0.320201 -0.833129 0.0 0.0
0.250712 -0.785814 -1.285643 0.0 0.0
-0.530916 0.444352 -0.562531 0.0 0.0
0.320201 0.619022 0.311704 0.0 0.0
-0.785814 0.527308 -1.285643 0.0 0.0
0.444352 0.402249 0.248412 0.0 0.0
0.619022 -0.371190 0.311704 0.0 0.0
0.527308 0.077826 -0.208978 0.0 0.0
0.402249 -0.670918 0.248412 0.0 0.0
-0.371190 0.386362 -1.011965 0.0 0.0
-0.670918 0.491944 -0.392966 0.0 0.0
0.386362 0.526612 0.282141 0.0 0.0
-0.923764 0.527308 0.491944 0.0 0.0
0.556438 -0.304858 0.526612 0.0 0.0
0.527308 -0.687541 0.250712 0.0 0.0
-0.304858 -0.941516 0.526612 0.0 0.0
-0.871189 0.549085 0.320201 0.0 0.0
-0.687541 -0.871189 -0.785814 0.0 0.0
-0.941516 0.549085 0.444352 0.0 0.0
0.549085 -0.109767 0.619022 0.0 0.0
-0.871189 0.491944 -0.785814 0.0 0.0
0.549085 -0.499948 0.402249 0.0 0.0
-0.109767 -0.923763 0.619022 0.0 0.0
0.491944 -0.860428 0.077826 0.0 0.0
-0.499948 -0.923764 0.402249 0.0 0.0
-0.923763 0.556438 -0.371190 0.0 0.0
-0.750126 -0.021336 0.675928 0.0 0.0
-0.017636 -0.006486 -0.017636 0.0 0.0
0.675928 -0.657716 -0.750126 0.0 0.0
-0.017636 -0.006486 -0.017636 0.0 0.0
-0.179848 -0.006486 -0.017636 0.0 0.0
0.675928 -0.017588 -0.657716 0.0 0.0
-0.197876 -0.006486 -0.179848 0.0 0.0
0.675928 -0.732374 -0.017588 0.0 0.0
-0.055696 -0.006486 -0.197876 0.0 0.0
0.675928 -0.641739 -0.732374 0.0 0.0
0.675928 -0.006486 -0.641739 0.0 0.0
-0.335826 -0.006486 -0.055696 0.0 0.0
-0.371190 -0.006486 -0.335826 0.0 0.0
0.675928 -0.679799 -0.006486 0.0 0.0
-0.092294 -0.006486 -0.371190 0.0 0.0
0.675928 -0.594424 -0.679799 0.0 0.0
-0.479576 -0.006486 -0.092294 0.0 0.0
0.675928 0.011542 -0.594424 0.0 0.0
0.675928 -0.594424 0.011542 0.0 0.0
-0.530916 -0.006486 -0.479576 0.0 0.0
-0.126022 -0.006486 -0.530916 0.0 0.0
0.675928 -0.517588 -0.594424 0.0 0.0
-0.605574 -0.006486 -0.126022 0.0 0.0
0.675928 0.035804 -0.517588 0.0 0.0
-0.670918 -0.006486 -0.605574 0.0 0.0
0.675928 -0.479527 0.035804 0.0 0.0
0.675928 -0.414184 -0.479527 0.0 0.0
-0.155586 -0.006486 -0.670918 0.0 0.0
-0.708978 -0.006486 -0.155586 0.0 0.0
0.675928 0.065368 -0.414184 0.0 0.0
-0.785814 -0.006486 -0.708978 0.0 0.0
0.675928 -0.339526 0.065368 0.0 0.0
-0.179848 -0.006486 -0.785814 0.0 0.0
0.675928 -0.288186 -0.339526 0.0 0.0
0.675928 0.099096 -0.288186 0.0 0.0
-0.785814 -0.006486 -0.179848 0.0 0.0
-0.871190 -0.006486 -0.785814 0.0 0.0
0.675928 -0.179799 0.099096 0.0 0.0
-0.197876 -0.006486 -0.871190 0.0 0.0
0.675928 -0.144435 -0.179799 0.0 0.0
-0.833129 -0.006486 -0.197876 0.0 0.0
0.675928 0.135694 -0.144435 0.0 0.0
0.675928 0.077826 0.135694 0.0 0.0
0.011543 -0.006486 -0.833129 0.0 0.0
0.173754 -0.006486 0.011543 0.0 0.0
0.675928 -0.860428 0.077826 0.0 0.0
0.173754 -0.006486 0.173754 0.0 0.0
0.675928 0.675928 -0.860428 0.0 0.0
0.173754 -0.006486 0.173754 0.0 0.0
0.675928 0.077826 0.675928 0.0 0.0
0.211814 -0.006486 0.173754 0.0 0.0
0.675928 -0.860428 0.077826 0.0 0.0
0.353994 -0.006486 0.211814 0.0 0.0
0.675928 0.675928 -0.860428 0.0 0.0
0.335966 -0.006486 0.353994 0.0 0.0
0.675928 0.077826 0.675928 0.0 0.0
0.248412 -0.006486 0.335966 0.0 0.0
0.675928 -0.860428 0.077826 0.0 0.0
0.077826 -0.006486 0.248412 0.0 0.0
0.675928 -0.197876 -0.860428 0.0 0.0
-0.860428 -0.006486 0.077826 0.0 0.0
0.675928 -0.871189 -0.197876 0.0 0.0
-0.017636 -0.208930 -0.923763 0.0 0.0
0.250712 -0.017636 0.491944 0.0 0.0
-0.017636 -0.533353 -0.499948 0.0 0.0
-0.208930 0.619022 0.556438 0.0 0.0
-0.017636 -0.006486 -0.860428 0.0 0.0
-0.533353 0.402249 -0.923764 0.0 0.0
0.619022 -0.017636 -0.304858 0.0 0.0
0.675928 -0.021336 -0.871189 0.0 0.0
0.402249 -0.017636 0.527308 0.0 0.0
-0.017636 -0.381816 -0.941516 0.0 0.0
-0.021336 0.675928 0.549085 0.0 0.0
-0.017636 -0.657716 -0.687541 0.0 0.0
-0.381816 0.526612 0.549085 0.0 0.0
0.675928 -0.017636 -0.109767 0.0 0.0
-0.657716 0.250712 -0.871189 0.0 0.0
0.526612 -0.017636 -0.499948 0.0 0.0
-0.533353 -0.807031 0.402249 0.0 0.0
0.619022 -0.109767 -0.017636 0.0 0.0
0.402249 -0.499948 -0.017636 0.0 0.0
-0.017636 -0.017636 -0.381816 0.0 0.0
0.675928 -0.021336 0.077826 0.0 0.0
-0.017636 -0.017636 -0.657716 0.0 0.0
-0.381816 -0.826246 0.526612 0.0 0.0
0.675928 0.077826 -0.017636 0.0 0.0
-0.657716 -0.750126 0.250712 0.0 0.0
-0.017636 -0.017636 0.526612 0.0 0.0
-0.807031 -0.208930 -0.017636 0.0 0.0
0.250712 -0.687541 -0.017636 0.0 0.0
-0.807031 -0.533353 -0.017636 0.0 0.0
-0.109767 0.619022 -0.208930 0.0 0.0
-0.807031 -0.208929 -0.499948 0.0 0.0
-0.017636 -0.017636 -0.109767 0.0 0.0
-0.499948 -1.228737 -0.017636 0.0 0.0
-0.017636 -0.017636 -0.826246 0.0 0.0
-0.860428 0.077826 -0.750126 0.0 0.0
-0.017636 -0.017636 -0.750126 0.0 0.0
-0.826246 -0.381816 -0.304858 0.0 0.0
-0.017636 -0.017636 0.077826 0.0 0.0
-0.750126 -0.021336 -0.687541 0.0 0.0
-0.017636 -0.017636 -0.304858 0.0 0.0
-0.533353 -0.807031 -0.017636 0.0 0.0
-0.687541 -1.285643 -0.017636 0.0 0.0
-0.017636 -0.017636 -0.807031 0.0 0.0
-1.011965 -0.109767 -0.807031 0.0 0.0
-1.285643 0.250712 -0.017636 0.0 0.0
-0.519766 -0.208929 -0.017636 0.0 0.0
0.619022 -1.011965 -0.533353 0.0 0.0
-0.208929 -0.519766 -1.228737 0.0 0.0
-0.092294 -0.017636 -1.011965 0.0 0.0
-1.228737 0.402249 -0.017636 0.0 0.0
-0.017636 -0.092294 -0.381816 0.0 0.0
0.675928 -0.860428 -0.657716 0.0 0.0
-0.017636 -0.155586 -0.021336 0.0 0.0
-0.381816 -0.371141 -1.136327 0.0 0.0
-0.055696 -0.017636 -0.860428 0.0 0.0
-0.021336 -0.641739 -1.285643 0.0 0.0
-0.126023 -0.017636 -1.136327 0.0 0.0
-0.201576 -0.533353 -0.017636 0.0 0.0
-0.197876 -0.055696 0.675928 0.0 0.0
-0.641739 -0.732374 0.250712 0.0 0.0
-0.212726 -0.126023 0.526612 0.0 0.0
-0.788186 -0.201576 -0.055696 0.0 0.0
0.250712 -0.687541 -0.179848 0.0 0.0
-0.788186 -0.519766 -0.126023 0.0 0.0
-0.109767 0.619022 -0.201576 0.0 0.0
-0.519766 -0.788186 0.402249 0.0 0.0
-0.208978 -0.092294 0.619022 0.0 0.0
0.402249 -0.499948 -0.155586 0.0 0.0
-0.092294 -0.208978 -0.371141 0.0 0.0
0.077826 0.675928 -0.017588 0.0 0.0
-0.155586 -0.208978 -0.641739 0.0 0.0
-0.371141 -0.807031 0.526612 0.0 0.0
-0.208978 -0.155586 -0.807031 0.0 0.0
-0.732374 -0.641739 0.077826 0.0 0.0
-0.208978 -0.092294 -0.732374 0.0 0.0
-1.136327 -0.304858 -0.807031 0.0 0.0
-0.179848 -0.197876 0.077826 0.0 0.0
-1.285643 -0.687541 -0.732374 0.0 0.0
-0.126022 -0.212726 -0.304858 0.0 0.0
-0.519766 -0.788186 -0.197876 0.0 0.0
-0.687541 -1.285643 -0.197876 0.0 0.0
-0.201576 -0.788186 -0.212726 0.0 0.0
-0.788186 -0.519766 -0.109767 0.0 0.0
-0.788186 -0.201576 -0.499948 0.0 0.0
-0.155586 -0.208978 -0.109767 0.0 0.0
-0.092294 -0.208978 -0.499948 0.0 0.0
-0.201576 -0.479528 -1.228737 0.0 0.0
-0.164083 -0.155586 -1.011965 0.0 0.0
-0.288234 -0.092294 -1.228737 0.0 0.0
-0.155586 -0.164083 -0.371141 0.0 0.0
-0.641739 -0.006486 -0.860428 0.0 0.0
-0.092294 -0.288234 -0.017588 0.0 0.0
0.526612 -1.136327 -0.371141 0.0 0.0
-0.860428 0.675928 -0.179848 0.0 0.0
0.250712 -1.285643 -0.017588 0.0 0.0
-0.230244 -0.126022 -1.136327 0.0 0.0
-0.179799 -0.519766 -0.179848 0.0 0.0
-1.285643 0.250712 -0.055696 0.0 0.0
-0.479528 -0.201576 -0.126022 0.0 0.0
-0.519766 -0.179799 -1.011965 0.0 0.0
0.250712 -0.687541 -0.335826 0.0 0.0
-0.732374 -0.479528 -0.230244 0.0 0.0
-0.179799 -0.732373 0.619022 0.0 0.0
-0.479528 -0.732374 0.402249 0.0 0.0
-0.392966 -0.164083 0.619022 0.0 0.0
-0.392966 -0.288234 0.402249 0.0 0.0
-0.164083 -0.392966 -0.339526 0.0 0.0
0.077826 0.675928 -0.006486 0.0 0.0
-0.288234 -0.392966 -0.594424 0.0 0.0
-0.304858 0.526612 -0.339526 0.0 0.0
0.675928 0.077826 -0.092294 0.0 0.0
-0.687541 0.250712 -0.594424 0.0 0.0
-0.400320 -0.230244 0.526612 0.0 0.0
-0.732373 -0.179799 -0.092294 0.0 0.0
-1.285643 -0.687541 -0.679799 0.0 0.0
-0.230244 -0.400320 -0.304858 0.0 0.0
-0.479528 -0.732373 -0.371190 0.0 0.0
-0.687541 -1.285643 -0.371190 0.0 0.0
-0.179799 -0.732374 -0.400320 0.0 0.0
-0.732373 -0.479528 -0.109767 0.0 0.0
-0.732374 -0.179799 -0.499948 0.0 0.0
-0.288234 -0.392966 -0.109767 0.0 0.0
-0.164083 -0.392966 -0.499948 0.0 0.0
-0.392966 -0.288234 -0.750126 0.0 0.0
-0.860428 0.077826 -0.679799 0.0 0.0
-0.392966 -0.164083 -0.679799 0.0 0.0
-1.136327 -0.304858 -0.750126 0.0 0.0
-0.335826 -0.371190 0.077826 0.0 0.0
0.675928 -0.860428 -0.594424 0.0 0.0
-0.164083 -0.410484 -0.006486 0.0 0.0
0.526612 -1.136327 -0.339526 0.0 0.0
-0.126023 -0.335826 -0.860428 0.0 0.0
0.250712 -1.285643 -0.006486 0.0 0.0
-0.326295 -0.230244 -1.136327 0.0 0.0
-0.144436 -0.479528 -0.335826 0.0 0.0
-1.285643 0.250712 -0.092294 0.0 0.0
-0.414184 -0.179799 -0.230244 0.0 0.0
-0.479528 -0.144436 -1.011965 0.0 0.0
-0.179799 -0.414184 -1.228737 0.0 0.0
-0.230244 -0.288234 -1.011965 0.0 0.0
-0.410484 -0.164083 -1.228737 0.0 0.0
-0.288234 -0.230244 -0.339526 0.0 0.0
-0.562531 -0.230244 0.619022 0.0 0.0
0.402249 -0.499948 -0.410484 0.0 0.0
-0.230244 -0.562531 -0.288186 0.0 0.0
0.011542 -0.594424 0.675928 0.0 0.0
-0.410484 -0.562531 -0.517588 0.0 0.0
-0.304858 0.526612 -0.288186 0.0 0.0
-0.530916 -0.126023 0.675928 0.0 0.0
-0.687541 0.250712 -0.517588 0.0 0.0
-0.573206 -0.326295 0.526612 0.0 0.0
-0.641739 -0.144436 -0.126023 0.0 0.0
0.250712 -0.687541 -0.479576 0.0 0.0
-0.641739 -0.414184 -0.326295 0.0 0.0
-0.109767 0.619022 -0.144436 0.0 0.0
-0.414184 -0.641739 0.402249 0.0 0.0
-0.144436 -0.641739 -0.573206 0.0 0.0
-0.641739 -0.414184 -0.109767 0.0 0.0
-0.641739 -0.144436 -0.499948 0.0 0.0
-0.410484 -0.562531 -0.109767 0.0 0.0
-0.230244 -0.562531 -0.499948 0.0 0.0
-0.562531 -0.410484 -0.657716 0.0 0.0
-0.594424 -0.517588 0.077826 0.0 0.0
-0.562531 -0.230244 -0.594424 0.0 0.0
-1.136327 -0.304858 -0.657716 0.0 0.0
-0.479576 -0.530916 0.077826 0.0 0.0
-1.285643 -0.687541 -0.594424 0.0 0.0
-0.326294 -0.573206 -0.304858 0.0 0.0
-0.414184 -0.641739 -0.530916 0.0 0.0
-0.687541 -1.285643 -0.530916 0.0 0.0
0.250712 -1.285643 0.011542 0.0 0.0
-0.410484 -0.326294 -1.136327 0.0 0.0
-0.096844 -0.414184 -0.479576 0.0 0.0
-1.285643 0.250712 -0.126022 0.0 0.0
-0.326246 -0.144436 -0.326294 0.0 0.0
0.619022 -1.011965 -0.414184 0.0 0.0
-0.144436 -0.326246 -1.228737 0.0 0.0
-0.288234 -0.410484 -1.011965 0.0 0.0
-1.228737 0.402249 -0.230244 0.0 0.0
-0.410484 -0.288234 -0.288186 0.0 0.0
-0.517588 0.035804 -0.860428 0.0 0.0
-0.230244 -0.517636 0.011542 0.0 0.0
0.526612 -1.136327 -0.288186 0.0 0.0
-0.155586 -0.479576 -0.860428 0.0 0.0
0.035804 -0.479527 0.675928 0.0 0.0
-0.517636 -0.711156 -0.414184 0.0 0.0
-0.304858 0.526612 -0.219093 0.0 0.0
0.675928 0.077826 -0.155586 0.0 0.0
-0.687541 0.250712 -0.414184 0.0 0.0
-0.724743 -0.410484 0.526612 0.0 0.0
-0.519766 -0.096844 -0.155586 0.0 0.0
0.250712 -0.687541 -0.605574 0.0 0.0
-0.519766 -0.326246 -0.410484 0.0 0.0
-0.109767 0.619022 -0.096844 0.0 0.0
-0.326246 -0.519766 0.402249 0.0 0.0
-0.711156 -0.288234 0.619022 0.0 0.0
0.402249 -0.499948 -0.517636 0.0 0.0
-0.288234 -0.711156 -0.219093 0.0 0.0
-0.517636 -0.711156 -0.109767 0.0 0.0
-0.499948 -1.228737 -0.711156 0.0 0.0
-0.711156 -0.517636 -0.533353 0.0 0.0
-0.860428 0.077826 -0.479527 0.0 0.0
-0.711156 -0.288234 -0.479528 0.0 0.0
-1.136327 -0.304858 -0.533353 0.0 0.0
-0.605574 -0.670918 0.077826 0.0 0.0
-0.479528 0.035804 -0.687541 0.0 0.0
-0.304858 -1.136327 -0.724743 0.0 0.0
-0.326246 -0.519766 -0.670918 0.0 0.0
-0.687541 -1.285643 -0.670918 0.0 0.0
-0.096844 -0.519766 -0.724743 0.0 0.0
-1.011965 -0.109767 -0.519766 0.0 0.0
-0.519766 -0.096844 -0.499948 0.0 0.0
-0.219093 -0.096844 -0.410484 0.0 0.0
-0.326246 -0.038853 -1.011965 0.0 0.0
-0.096844 -0.219093 -1.228737 0.0 0.0
-0.335826 -0.517636 -1.011965 0.0 0.0
-1.228737 0.402249 -0.288234 0.0 0.0
-0.517636 -0.335826 -0.219093 0.0 0.0
-0.414184 0.065368 -0.860428 0.0 0.0
-0.288234 -0.605574 0.035804 0.0 0.0
0.526612 -1.136327 -0.219093 0.0 0.0
-0.179848 -0.605574 -0.860428 0.0 0.0
0.035804 -0.288186 -1.285643 0.0 0.0
-1.136327 0.526612 -0.410484 0.0 0.0
-0.038853 -0.326246 -0.605574 0.0 0.0
-1.285643 0.250712 -0.155586 0.0 0.0
-0.288186 -0.339526 0.250712 0.0 0.0
-0.849106 -0.479576 0.526612 0.0 0.0
-0.371141 -0.038853 -0.179848 0.0 0.0
0.250712 -0.687541 -0.708978 0.0 0.0
-0.371141 -0.219093 -0.479576 0.0 0.0
-0.038853 -0.371141 0.619022 0.0 0.0
-0.219093 -0.371141 0.402249 0.0 0.0
-0.833129 -0.335826 0.619022 0.0 0.0
-0.833129 -0.605574 0.402249 0.0 0.0
-0.335826 -0.833129 -0.134904 0.0 0.0
0.077826 0.675928 0.065368 0.0 0.0
-0.605574 -0.833129 -0.288186 0.0 0.0
-0.304858 0.526612 -0.134904 0.0 0.0
-0.785814 -0.179848 0.675928 0.0 0.0
-0.833129 -0.335826 -0.339526 0.0 0.0
-1.136327 -0.304858 -0.381816 0.0 0.0
-0.708978 -0.785814 0.077826 0.0 0.0
-0.339526 0.065368 -0.687541 0.0 0.0
-0.304858 -1.136327 -0.849106 0.0 0.0
-0.219093 -0.371141 -0.785814 0.0 0.0
-0.687541 -1.285643 -0.785814 0.0 0.0
-0.038853 -0.371141 -0.849106 0.0 0.0
-0.371141 -0.219093 -0.109767 0.0 0.0
-0.371141 -0.038853 -0.499948 0.0 0.0
-0.605574 -0.833129 -0.109767 0.0 0.0
-0.335826 -0.833129 -0.499948 0.0 0.0
-0.833129 -0.605574 -0.381816 0.0 0.0
-0.860428 0.077826 -0.339526 0.0 0.0
-1.228737 0.402249 -0.335826 0.0 0.0
-0.605574 -0.371190 -0.134904 0.0 0.0
-0.288186 0.099096 -0.860428 0.0 0.0
-0.335826 -0.670918 0.065368 0.0 0.0
0.526612 -1.136327 -0.134904 0.0 0.0
-0.197876 -0.708978 -0.860428 0.0 0.0
0.065368 -0.144435 -1.285643 0.0 0.0
-1.136327 0.526612 -0.479576 0.0 0.0
0.027308 -0.219093 -0.708978 0.0 0.0
-1.285643 0.250712 -0.179848 0.0 0.0
-0.096844 -0.038853 -0.479576 0.0 0.0
0.619022 -1.011965 -0.219093 0.0 0.0
-0.038853 -0.096844 -1.228737 0.0 0.0
-0.371190 -0.605574 -1.011965 0.0 0.0
-0.109767 0.619022 0.027308 0.0 0.0
-0.096844 -0.201576 0.402249 0.0 0.0
-0.923764 -0.371190 0.619022 0.0 0.0
0.402249 -0.499948 -0.670918 0.0 0.0
-0.371190 -0.923764 -0.038853 0.0 0.0
0.077826 0.675928 0.099096 0.0 0.0
-0.670918 -0.923764 -0.144435 0.0 0.0
-0.038853 -0.208929 0.526612 0.0 0.0
0.675928 0.077826 -0.197876 0.0 0.0
-0.687541 0.250712 -0.144435 0.0 0.0
0.526612 -0.304858 -0.530916 0.0 0.0
-0.201576 0.027308 -0.197876 0.0 0.0
-0.871190 -0.785814 0.250712 0.0 0.0
-0.201576 -0.096844 -0.530916 0.0 0.0
-0.304858 -1.136327 -0.941516 0.0 0.0
-0.096844 -0.201576 -0.871190 0.0 0.0
-0.687541 -1.285643 -0.871190 0.0 0.0
0.027308 -0.201576 -0.941516 0.0 0.0
-0.201576 -0.096844 -0.109767 0.0 0.0
-0.201576 0.027308 -0.499948 0.0 0.0
-0.670918 -0.923764 -0.109767 0.0 0.0
-0.371189 -0.923764 -0.499948 0.0 0.0
-0.923764 -0.670918 -0.208929 0.0 0.0
-0.179799 -0.144435 0.077826 0.0 0.0
-0.923764 -0.371189 -0.179799 0.0 0.0
-0.208929 -0.038853 -0.304858 0.0 0.0
0.077826 -0.860428 -0.871190 0.0 0.0
-1.285643 -0.687541 -0.179799 0.0 0.0
-0.371189 -0.711156 0.099096 0.0 0.0
-0.038853 0.065368 -1.136327 0.0 0.0
-0.860428 0.675928 -0.785814 0.0 0.0
0.250712 -1.285643 0.099096 0.0 0.0
-1.136327 0.526612 -0.530916 0.0 0.0
0.099096 -0.096844 -0.785814 0.0 0.0
-1.285643 0.250712 -0.197876 0.0 0.0
0.035804 0.027308 -0.530916 0.0 0.0
-0.096844 0.099096 -1.011965 0.0 0.0
0.027308 0.035804 -1.228737 0.0 0.0
-1.011965 0.619022 -0.670918 0.0 0.0
-0.711156 -0.371189 -1.228737 0.0 0.0
0.065368 -0.038853 -0.670918 0.0 0.0
-0.144435 0.135694 -0.860428 0.0 0.0
0.402249 -0.979576 -0.711156 0.0 0.0
-0.304858 0.065368 -0.392967 0.0 0.0
0.135694 0.077826 0.675928 0.0 0.0
-0.711156 -0.006486 0.011543 0.0 0.0
0.065368 -0.304858 0.526612 0.0 0.0
-0.017587 -0.208978 0.675928 0.0 0.0
0.011543 -0.687541 0.250712 0.0 0.0
0.526612 -0.998422 -0.562531 0.0 0.0
-0.109767 0.099096 -0.208978 0.0 0.0
0.250712 -0.923764 -0.833129 0.0 0.0
-0.499948 0.035804 -0.562531 0.0 0.0
-0.979576 0.619022 0.099096 0.0 0.0
0.035804 -0.499948 0.402249 0.0 0.0
-0.021336 -0.392967 0.619022 0.0 0.0
-0.109767 -1.011965 -0.979576 0.0 0.0
-0.499948 -1.228737 -0.979576 0.0 0.0
0.065368 -0.021336 -0.979576 0.0 0.0
0.135694 -0.006486 -0.979576 0.0 0.0
-1.136327 -0.304858 -0.021336 0.0 0.0
0.077826 -0.860428 -0.923764 0.0 0.0
-0.006486 0.135694 -0.687541 0.0 0.0
-0.304858 -1.136327 -0.998422 0.0 0.0
0.035804 -0.017587 -0.923764 0.0 0.0
-0.208978 -0.923764 -0.687541 0.0 0.0
-0.998422 -0.562531 -0.017588 0.0 0.0
-1.011965 -0.109767 -0.017587 0.0 0.0
-0.923764 -0.208978 0.011543 0.0 0.0
-1.228737 -0.499948 -0.017588 0.0 0.0
-0.562531 -0.573206 0.099096 0.0 0.0
0.619022 -1.011965 0.035804 0.0 0.0
-0.208978 -0.849106 0.173754 0.0 0.0
0.402249 -1.228737 0.099096 0.0 0.0
-0.400320 -0.711156 -1.011965 0.0 0.0
-1.228737 0.402249 -0.392966 0.0 0.0
0.173754 0.065368 -0.711156 0.0 0.0
-0.392966 -0.724743 0.135694 0.0 0.0
0.526612 -1.136327 0.065368 0.0 0.0
-0.860428 0.675928 -0.833129 0.0 0.0
0.135694 0.173754 -1.285643 0.0 0.0
-1.136327 0.526612 -0.562531 0.0 0.0
0.173754 0.035804 -0.833129 0.0 0.0
-0.849106 -0.208978 -1.285643 0.0 0.0
0.173754 0.173754 0.250712 0.0 0.0
0.526612 -0.304858 -0.573206 0.0 0.0
0.173754 0.173754 -0.212727 0.0 0.0
0.250712 -0.687541 -0.849106 0.0 0.0
-0.573206 -1.017636 0.173754 0.0 0.0
-0.109767 0.619022 0.173754 0.0 0.0
-0.849106 -0.941516 0.173754 0.0 0.0
-0.499948 0.402249 0.173754 0.0 0.0
0.619022 -0.109767 -0.400320 0.0 0.0
0.402249 -0.499948 -0.724743 0.0 0.0
0.173754 0.173754 -0.400320 0.0 0.0
0.173754 0.173754 -0.724743 0.0 0.0
-0.304858 0.526612 0.173754 0.0 0.0
0.675928 0.077826 -0.212727 0.0 0.0
-0.998421 -0.400320 0.173754 0.0 0.0
-1.136327 -0.304858 0.173754 0.0 0.0
0.077826 -0.860428 -0.941516 0.0 0.0
0.173754 0.173754 -0.687541 0.0 0.0
-0.304858 -1.136327 -1.017636 0.0 0.0
0.173754 0.173754 -0.941516 0.0 0.0
-0.687541 -1.285643 -0.941516 0.0 0.0
-1.017636 -0.573206 0.173754 0.0 0.0
-1.011965 -0.109767 0.173754 0.0 0.0
-0.941516 -0.212726 0.173754 0.0 0.0
-1.228737 -0.499948 0.173754 0.0 0.0
-0.724743 -0.998421 -0.109767 0.0 0.0
-0.499948 -1.228737 -0.998421 0.0 0.0
0.173754 0.173754 -0.998421 0.0 0.0
-1.228737 0.402249 -0.400320 0.0 0.0
-0.724743 -0.392967 0.173754 0.0 0.0
-0.400320 -0.711156 0.173754 0.0 0.0
0.526612 -1.136327 0.173754 0.0 0.0
-0.860428 0.675928 -0.849106 0.0 0.0
0.173754 0.335966 -1.285643 0.0 0.0
-1.136327 0.526612 -0.573206 0.0 0.0
0.248412 0.173754 -0.849106 0.0 0.0
-0.833129 -0.212726 -1.285643 0.0 0.0
-0.573206 -0.562531 0.173754 0.0 0.0
0.619022 -1.011965 0.173754 0.0 0.0
-0.212726 -0.833129 0.211814 0.0 0.0
0.402249 -1.228737 0.173754 0.0 0.0
-0.392967 -0.724743 -1.011965 0.0 0.0
-0.109767 0.619022 0.248412 0.0 0.0
-0.833129 -0.923764 0.353994 0.0 0.0
-0.499948 0.402249 0.311704 0.0 0.0
-0.979576 -0.392967 0.619022 0.0 0.0
0.402249 -0.499948 -0.711156 0.0 0.0
-0.392967 -0.979576 0.282141 0.0 0.0
-0.711156 -0.979576 0.335966 0.0 0.0
-0.304858 0.526612 0.282141 0.0 0.0
0.675928 0.077826 -0.208978 0.0 0.0
0.335966 0.353994 0.250712 0.0 0.0
0.526612 -0.304858 -0.562531 0.0 0.0
0.365096 0.248412 -0.208978 0.0 0.0
-0.923764 -0.833129 0.250712 0.0 0.0
-0.562531 -0.998421 0.311704 0.0 0.0
-0.304858 -1.136327 -0.998421 0.0 0.0
-0.923764 -0.833129 0.365096 0.0 0.0
-0.208978 -0.923764 -0.687541 0.0 0.0
-0.998421 -0.562531 0.365096 0.0 0.0
-1.011965 -0.109767 0.365096 0.0 0.0
-0.923764 -0.208978 0.335966 0.0 0.0
-1.228737 -0.499948 0.365096 0.0 0.0
-0.711156 -0.979576 -0.109767 0.0 0.0
-0.499948 -1.228737 -0.979576 0.0 0.0
-0.979576 -0.711156 0.368845 0.0 0.0
-0.979576 -0.392966 0.353994 0.0 0.0
-1.136327 -0.304858 0.368845 0.0 0.0
0.077826 -0.860428 -0.923764 0.0 0.0
0.353994 0.211814 -0.687541 0.0 0.0
-0.392966 0.491944 0.211814 0.0 0.0
-0.530916 -1.136327 0.282141 0.0 0.0
-0.860428 -0.197876 -0.833129 0.0 0.0
0.211814 0.250712 -1.285643 0.0 0.0
-1.136327 -0.530916 -0.562531 0.0 0.0
-0.833129 0.320201 0.311704 0.0 0.0
0.527308 -0.208978 -1.285643 0.0 0.0
-0.562531 0.444352 0.248412 0.0 0.0
-0.371190 -1.011965 0.311704 0.0 0.0
0.077826 0.248412 -0.208978 0.0 0.0
-0.670918 -1.228737 0.248412 0.0 0.0
0.386362 -0.711156 -1.011965 0.0 0.0
-1.228737 -0.670918 -0.392966 0.0 0.0
-0.711156 0.386362 0.282141 0.0 0.0
-0.670918 -0.923764 0.491944 0.0 0.0
0.386362 0.556438 0.526612 0.0 0.0
0.491944 0.527308 0.250712 0.0 0.0
-0.941516 -0.530916 0.526612 0.0 0.0
-0.197876 -0.871189 0.320201 0.0 0.0
0.250712 -0.687541 -0.785814 0.0 0.0
-0.530916 -0.941516 0.444352 0.0 0.0
0.320201 0.549085 0.619022 0.0 0.0
0.491944 0.527308 -0.785814 0.0 0.0
0.444352 0.549085 0.402249 0.0 0.0
-0.923763 -0.371190 0.619022 0.0 0.0
0.527308 0.491944 0.077826 0.0 0.0
-0.923764 -0.670918 0.402249 0.0 0.0
0.556438 0.386362 -0.371190 0.0 0.0
-0.109767 -0.017636 -0.923763 0.0 0.0
-0.017636 -0.860428 0.491944 0.0 0.0
-0.533353 -0.923764 -0.499948 0.0 0.0
-0.923763 -0.208930 0.556438 0.0 0.0
0.402249 0.527308 -0.923764 0.0 0.0
0.556438 0.619022 -0.304858 0.0 0.0
-0.017636 -0.687541 0.527308 0.0 0.0
-0.304858 -0.017636 -0.941516 0.0 0.0
-0.871189 -0.021336 0.549085 0.0 0.0
-0.657716 -0.871189 -0.687541 0.0 0.0
-0.941516 -0.381816 0.549085 0.0 0.0
0.549085 0.675928 -0.109767 0.0 0.0
0.250712 0.491944 -0.871189 0.0 0.0
0.549085 0.526612 -0.499948 0.0 0.0
