0.000000 0.0 1.000000 0.0 0.0
1.000000 0.0 1.000000 0.0 0.0
1.000000 0.0 2.000000 0.0 0.0
0.000000 0.0 1.000000 0.0 0.0
0.000000 0.0 2.000000 0.0 0.0
1.000000 0.0 2.000000 0.0 0.0

0.000000 0.0 2.000000 0.0 0.0
1.000000 0.0 2.000000 0.0 0.0
1.000000 0.0 3.000000 0.0 0.0
0.000000 0.0 2.000000 0.0 0.0
0.000000 0.0 3.000000 0.0 0.0
1.000000 0.0 3.000000 0.0 0.0

0.000000 0.0 3.000000 0.0 0.0
1.000000 0.0 3.000000 0.0 0.0
1.000000 0.0 4.000000 0.0 0.0
0.000000 0.0 3.000000 0.0 0.0
0.000000 0.0 4.000000 0.0 0.0
1.000000 0.0 4.000000 0.0 0.0

1.000000 0.0 2.000000 0.0 0.0
2.000000 0.0 2.000000 0.0 0.0
2.000000 0.0 3.000000 0.0 0.0
1.000000 0.0 2.000000 0.0 0.0
1.000000 0.0 3.000000 0.0 0.0
2.000000 0.0 3.000000 0.0 0.0

2.000000 0.0 1.000000 0.0 0.0
3.000000 0.0 1.000000 0.0 0.0
3.000000 0.0 2.000000 0.0 0.0
2.000000 0.0 1.000000 0.0 0.0
2.000000 0.0 2.000000 0.0 0.0
3.000000 0.0 2.000000 0.0 0.0

2.000000 0.0 2.000000 0.0 0.0
3.000000 0.0 2.000000 0.0 0.0
3.000000 0.0 3.000000 0.0 0.0
2.000000 0.0 2.000000 0.0 0.0
2.000000 0.0 3.000000 0.0 0.0
3.000000 0.0 3.000000 0.0 0.0

2.000000 0.0 3.000000 0.0 0.0
3.000000 0.0 3.000000 0.0 0.0
3.000000 0.0 4.000000 0.0 0.0
2.000000 0.0 3.000000 0.0 0.0
2.000000 0.0 4.000000 0.0 0.0
3.000000 0.0 4.000000 0.0 0.0


